Rotor  0:
 59  27 178  80   8 212 165 177 211   0  48 208 104 147 235 132 
240 152 175 168  21  83 218 238 102 130  82 219  72  57  37 121 
232 189  45  54 169 253 141 151  13 228  96 159 204 167 229 129 
  5 143 108 111 245  31 239 244 217  40 119 123 201 158 230 116 
227 103 183 139 128  29 110 150  23 180  81 223  79  64 174  49 
 28  65 246 188  99 251  17  15 233 185 120 100  84  10   4 250 
 36 207 140 226 181  73 193 118 144   9 149   3 225 157  67 153 
 98 190  70  35 125  41  76 155  97 187 213 127  61 221  69 173 
154 194 101  44  24  87 148  11 249 210 105  19  38 214 137 106 
161  56 198 136  33 234   7  22  30  16  47 241  42  89  86 184 
195  32  63 236 200 166  92 135  85  52  62 179  74 222  14 160 
 43  25  12 196   6 192 170 206  20 199 172 216  66  91 163 255 
176  68 171  88 131   1 209 220 182 215  50 138  34 254 117  90 
107 247 224 162  26  53  95 242  93 115  55 145  71  75 133 142 
237 243  18  39 248  60 231 191  78 134 113  46 146 126  77   2 
202  51 205 156  94 203 252 122 114  58 124 186 112 109 197 164 
Rotor  1:
206  58  47 151 121 104 124  52 110  50  72  32 132 209  30  60 
242 213 172 108 174  10 136 180  94 130  70 232 245   6  29  97 
 80  39  41 154  91  87  55  27 173  82 101 229  63 184  46 159 
223 139 244  74  36  22 252 126 248 135  12 113  85 152 142 237 
228 235 187  76 217 233  56 128 119 188 131 204  88  26 111 146 
 16  64  89 177 249 239 141 120  59   0 246 103 153  57  19  45 
227 171  13   1   4 122 179  96  67 175 133  14 182 149 220  71 
155 215 147   7 164 210 144  83 105  17  37  78  28 167 192 253 
193  25  61  53 211 163 225 114 186  43 255 216  73 168 176 222 
150 202 247 250  54 224 243 221 198  20 212 189 162 129 161 226 
199  35  44 148 160 181  31  84 127 208 145 195 165  62 201 190 
  5  42 157 241 109 205  40 143  38 115 254 214   2 194 238 236 
230 125 158  21 185   8 183 196 219 231 137 117  34 234  15  48 
251  90  75 203  79 116  18 134  33 207  98   9  11 156  68  99 
200  51 112 178  93 118 170  77   3 106  92 102 140 218 107  66 
166 169  49  23  69 191 123 240  65 100  81  86  24  95 138 197 
Rotor  2:
177  39 179  70 122 209  25 129 153  36  80  31  86 175 228 121 
149 245  84  96  35 116 212   0 158  43  22 216   3  48 107 132 
152  63  65 198 108  14 232 236  62  91 136 141 240  76 238  88 
223  95   6  97  11  92  40  17 207  33  50 250 230 118 213  38 
224 146  46 154  98 151   2  78  53 110 210  54  26 205  28  20 
100 138  58   7 249 130 200 148   9  10  15 182 103 114 233 150 
183 184 218 106 159 204 156 119  12 195 111 113 142  89 168 171 
225  24  81 231  61 242  51 162 254 174 255 187 181  71 139  87 
246 134  99 180  42 202 197 112 189   8  56 143 125  13 173   1 
 44 117  83 166  94 234 135  73  75 128 239  68  19 167 217 123 
203  45  34 127 206  21 124 191 237 229 192  32 102  85  66 131 
 67 170   4 157 247 178 215 193  16 172  82  41 208 161 101  57 
220 120  77 185  59  52 155 140 194 196 227  27 104  79 199   5 
235  74 163 244  29 145 137 214 133 243 219  69 176 109 221 165 
226 186  72 115 190  60 160 251 252 144  90 169 253 248 126  47 
 64 164 241  49  55  18  37  23 201 147 105 222  93 211 188  30 
Rotor  3:
 61  42 106 144  55 210  44 135 104  57 159  25  45 254  70 161 
171 187 122 180 147 128  20  75 231 221 237 211 188  30  31  50 
103  81 194 153 172  41  74 160 107 227  97  83  58 189 252 111 
179 197 143 240 225  49 108  53 208  66 204 113 207  85   0 117 
 86  38 222 192  94 193   2   1 157 198 220  21  27  77 145 232 
184  10 226 234  72   4 114 185 148   8   6  13 206 156 199 228 
119 164 183 176  29 250 238  12 245 155 248 124 190  95 150  15 
168  46 213 191 201  56 123 132 255 209  14 149  62 174 166 109 
126 105  11  71 136  80  65  19  51 214 233 181 131  39 202 244 
 73 112  35 239 165 182  64   9  87  16  78  23 152  82 140  17 
249  48 223  60  24 110   7  69 127 146 139 195 158 246  40 170 
 26 205  54 102 229 196 224 235 133 138  93 154  67 253 217  63 
101 116  37  34 175  89  99 118  43 167  84 100  52 125 121  33 
 68 162   5 218 178 142  28 215  79 212 200 236 151 230  32 242 
 88  92 243 134  22 216 137 173 163 251 219 186 115 129   3  59 
 76  47  96 120 203 169 247 177  98  36  91 241  18 141 130  90 
Rotor  4:
 23  54 148 199   3 209 143  36 181  13 173  86  15 100  62  45 
 93 200  33 130 101  56 156 238  76 180  32  14 230  83   9 249 
 92  17 110  98 171 108  28  88 188  43 208 135  22 147  57 245 
239  58  96 225 131 204  74  11  66 155 126  19 255 193 186 142 
 47 164  79 201  39 223  80 159 136 213  16 212 146 157  82 242 
132  38 169  85 224  21 241  27 166 207 168 141  97 150 167 175 
118 111 162 184   8  44 240  63   2 121  61 250   6 182 206 114 
122 220 161  25 102 176 232 160 194 211 153 163  55  53 246 112 
 69  71 119  73 154  64 226 170 144  70  34  30 128  12 221  84 
243 115  20  24 234 145 138 104 233 149  78  18   1  60 229   7 
140 237 210 217  35   4 205 158  65 129  52  91 189 105  87  68 
120  29  48 192 222 253 247  89  41  31 195  99  90 228 254 202 
 77 214 124 203 127 244 251  59 172 216  46 137 125   0  49 218 
117 113 231 116 183  75  51 219  72  67  50 248 187 134 103 133 
178  40 197 151 165 109 215 106 191 227 236 177  26 190 174 107 
 10  37  42 123  95  81   5 179 152 252 185 235  94 196 139 198 
