Rotor  0:
  9 197 239 107  94  48 180 150   4 105  93 135 178  40 174  87 
153  86 226 139 184  20 151  72 132 177 212   1  80  69 152  53 
161 148 204 115  96  30 140 227  57 117 156 176 131  34 235 154 
 10  79 202 241 169 213  35 218 145  29 249   0 229 124 170 162 
 77  81 188 110 193 126 114 220  28 101 172 221 118 238 232  76 
  3  74  26  21  92 168 158 133 195 157 207 189 166 216 244 214 
 42 120 112  84  91 130  24  65  12 138 143 208  50 253  70  51 
252 234 248 217  63 206 103  58  90  31 247  59 250 116 237 123 
 68  47  25 196  15 222 233 167 147 142 203  67  98  38 223  49 
104 219 236  13 134 106  71  39  17 111 128 119 243 109  61  43 
175 144 211 190   0   6 165  45  19  36 182 194 186 127  78  18 
192   7   2 171  73 100 200  66 159  89 251 121  83  33 113 231 
181 102 129 160 179 254 146 185 164  60 240 245  44 242 183  97 
 11 198 137   8   5 122 141 201 187  56  22  27 199 125 173  75 
210 108  99  64  41  46  62 230  32  88 149  14 163 224  23  54 
 16 155 215 225  55  52  82 209 228 136  95  85 246  37 205 191 
