Rotor  0:
 59  27 178  80   8 212 165 177 211   0  48 208 104 147 235 132 
240 152 175 168  21  83 218 238 102 130  82 219  72  57  37 121 
232 189  45  54 169 253 141 151  13 228  96 159 204 167 229 129 
  5 143 108 111 245  31 239 244 217  40 119 123 201 158 230 116 
227 103 183 139 128  29 110 150  23 180  81 223  79  64 174  49 
 28  65 246 188  99 251  17  15 233 185 120 100  84  10   4 250 
 36 207 140 226 181  73 193 118 144   9 149   3 225 157  67 153 
 98 190  70  35 125  41  76 155  97 187 213 127  61 221  69 173 
154 194 101  44  24  87 148  11 249 210 105  19  38 214 137 106 
161  56 198 136  33 234   7  22  30  16  47 241  42  89  86 184 
195  32  63 236 200 166  92 135  85  52  62 179  74 222  14 160 
 43  25  12 196   6 192 170 206  20 199 172 216  66  91 163 255 
176  68 171  88 131   1 209 220 182 215  50 138  34 254 117  90 
107 247 224 162  26  53  95 242  93 115  55 145  71  75 133 142 
237 243  18  39 248  60 231 191  78 134 113  46 146 126  77   2 
202  51 205 156  94 203 252 122 114  58 124 186 112 109 197 164 
Rotor  1:
206  58  47 151 121 104 124  52 110  50  72  32 132 209  30  60 
242 213 172 108 174  10 136 180  94 130  70 232 245   6  29  97 
 80  39  41 154  91  87  55  27 173  82 101 229  63 184  46 159 
223 139 244  74  36  22 252 126 248 135  12 113  85 152 142 237 
228 235 187  76 217 233  56 128 119 188 131 204  88  26 111 146 
 16  64  89 177 249 239 141 120  59   0 246 103 153  57  19  45 
227 171  13   1   4 122 179  96  67 175 133  14 182 149 220  71 
155 215 147   7 164 210 144  83 105  17  37  78  28 167 192 253 
193  25  61  53 211 163 225 114 186  43 255 216  73 168 176 222 
150 202 247 250  54 224 243 221 198  20 212 189 162 129 161 226 
199  35  44 148 160 181  31  84 127 208 145 195 165  62 201 190 
  5  42 157 241 109 205  40 143  38 115 254 214   2 194 238 236 
230 125 158  21 185   8 183 196 219 231 137 117  34 234  15  48 
251  90  75 203  79 116  18 134  33 207  98   9  11 156  68  99 
200  51 112 178  93 118 170  77   3 106  92 102 140 218 107  66 
166 169  49  23  69 191 123 240  65 100  81  86  24  95 138 197 
