Rotor  0:
  9 197 239 107  94  48 180 150   4 105  93 135 178  40 174  87 
153  86 226 139 184  20 151  72 132 177 212   1  80  69 152  53 
161 148 204 115  96  30 140 227  57 117 156 176 131  34 235 154 
 10  79 202 241 169 213  35 218 145  29 249   0 229 124 170 162 
 77  81 188 110 193 126 114 220  28 101 172 221 118 238 232  76 
  3  74  26  21  92 168 158 133 195 157 207 189 166 216 244 214 
 42 120 112  84  91 130  24  65  12 138 143 208  50 253  70  51 
252 234 248 217  63 206 103  58  90  31 247  59 250 116 237 123 
 68  47  25 196  15 222 233 167 147 142 203  67  98  38 223  49 
104 219 236  13 134 106  71  39  17 111 128 119 243 109  61  43 
175 144 211 190   0   6 165  45  19  36 182 194 186 127  78  18 
192   7   2 171  73 100 200  66 159  89 251 121  83  33 113 231 
181 102 129 160 179 254 146 185 164  60 240 245  44 242 183  97 
 11 198 137   8   5 122 141 201 187  56  22  27 199 125 173  75 
210 108  99  64  41  46  62 230  32  88 149  14 163 224  23  54 
 16 155 215 225  55  52  82 209 228 136  95  85 246  37 205 191 
Rotor  1:
 89  99 188 232 100 176  29 115 197 219  21 220  58  98 107 206 
 80 121 214  94 153 195  53 243 252 129  77  39 124  30  14 166 
 11 216 204 161  52 122 184  33 182  34 177 137 162  95  46   2 
207 242   9 225   7 131 148  38  70  93   1  88  15 130 173  44 
 81 248 239 104 222 244  26 111  10 140  51 210  67 231 123 212 
 32 250  41 119 167  60 251  37  76  82 209  36 234 228  24 253 
103  31 218 223 249  42 235  91   5 120 233 238  19 180   8  78 
226  59 135 185 213 203 229  72  87   4 101 246   6 193  55 168 
 71 157  25  74  12 106 215  57  22 202 254  49 236  86  62 183 
118 170  79 114 163 109 144   3  61  92  35 112 221 178 194  47 
164 158 156 133 116 172 240 125 141 241 230  97  18  40  20 105 
142  83 227 102  23 165 108 198  45 196 136  66  73 155 175 245 
126 128 189 171 199   0 152 160 224 174 145 211  75 181   0 217 
169  13 117 132 154  17 187 113 139  68 237 200 110 151 143  48 
149 134 159  96  64  43 192 201  27  69 205  65 191  63 190  85 
247 179  16 150  50  28  90 146  56  84 147 208  54 127 186 138 
Rotor  2:
 23 143  70  28 178 207  50  83 137  88  89  52 104 141  37  90 
184  55 245 156  79 165  26 247 113   6  76 203  78 212   0  11 
171  57 162  20   9 246  63   1  54 187 132  25 144 161  66 239 
 29 243  58 118 197  72  75 244 138 191  82 196 229 116  40  33 
240  34 174 176 155 219   3 125 226 151 209 152  45 194  71 205 
 10 114 186 146  18 173  12 127  47 109 234  41  53 252 148  49 
 19  51  68 130  80 190 172  92 204 250  99  30  36 221  73 106 
135 107  93 227  21 145  61 103 193  15   4 159 166 140 238 163 
153   7  85 175  31 216 129 150  42 214  81 126 199  43 108 139 
233 213  65 249  87  16  95  69  32   8  67 198 102 179  24 100 
230 189 119 210 241 223 147 157 110 235 177 111 185 142 121  13 
220   0 181   2 131 124  91  96  97 195 225 123 254 136 228 167 
170 183 200 105 201 134  35 206  86 248 133 160 101  77 164  56 
188   5  74 253  22  62 215 182  27 158  98 218 192 222 251  48 
 64 112 224 202  14 169  60 115  38  94 149 208  39 168  46 154 
 44 242 117 217 211  17 128 180 237  84  59 231 232 236 120 122 
Rotor  3:
 62  71  70 238  85 210  90 166  89 151  81 130 103  91 122 111 
153 159 252 135  22  75 228 155 164  11 176  76 214 100  29  30 
222 207 195 146 249 194  65 141 174  37   1 200   6  12 113 241 
161  53  31 136 204  55 178   4 117   9  44 239 163   0 124 191 
150 134  57 188 208 167  14 131  84 144  38  23 240  77 154 216 
133  33 157  43 202  61  64 152 224 197   0 250 225 186  68 109 
242  42 248 198 203 192 179  32   8 129   2  40  54 127 165  47 
145  59  86 236 193  63 199  96 243 206  18 118 107 205 128 168 
 21 237 254 140 119 184 227   7 132 230 185 170 158 253 213  50 
  3  78 169  20  88 123 110 220 156  35 187 105  93  72 172  10 
 39  15 209 232  97 148 126 201 112 245 175  16  36 231 125 196 
 99 247 212  48  19 139 149  98  80  87 235  17  28  45 108 115 
 67  69  34 171 181  49  73  94 218 116 142 244  58 177  92  60 
 56 121   5  27 217 114 137 215 229 190 211 234  74  25  66 162 
182  52  82  41  95 180 221  24  79 138  83 183 219  26 102 147 
 51 251 223 226 143 104 173 246 106 160 101 233  46 189  13 120 
Rotor  4:
205 156 104   4 165 246 108 159 100  30 240  55 141   9  27  12 
 74  33 155  59 146  85  44   0 147 115 236  87  38 177 139 185 
 26  18 138 164   7 241  81  68 225 184 242  41 101  15 202  64 
178 206 218 214 170 125   1 124  21  46  49 199 157 106  14 103 
133 168  56 217 175 128 137 129 216 131  54 213  24 192 154  66 
 70 245  78  29 143  83  11 174  39 183 188 171  32  16 252 244 
 50  92  35 187  13  20 116 222 151 173 231 239  37 229  34  97 
127 209 111 145 211 208  96 130 176 105 112 243 194 204  58 196 
140 169  19  52  80 223 221  43  72 203 150 254 160  91  63   6 
136 149  76  45   2 153  93 227 248 122 132  57  22  77 167  71 
119 114  98 123  65 228  88  94  90  82 135  36 200  10 238  95 
117 235 224 247  25   8 109 212  99 250  62 220  40 172 237 232 
179  61 120 186 253 226   0   3  17  67 191 195  53 166 110  89 
 42   5 162 121  75  73 193 230 201 163 207 215 113 142 180  69 
 84  51 134 233 189 158  28 210 118 152 148 251 234 161  23  48 
102  86  79 144 197  47 126 182 219  31 107 198 249 181 190  60 
