Rotor  0:
  9 197 239 107  94  48 180 150   4 105  93 135 178  40 174  87 
153  86 226 139 184  20 151  72 132 177 212   1  80  69 152  53 
161 148 204 115  96  30 140 227  57 117 156 176 131  34 235 154 
 10  79 202 241 169 213  35 218 145  29 249   0 229 124 170 162 
 77  81 188 110 193 126 114 220  28 101 172 221 118 238 232  76 
  3  74  26  21  92 168 158 133 195 157 207 189 166 216 244 214 
 42 120 112  84  91 130  24  65  12 138 143 208  50 253  70  51 
252 234 248 217  63 206 103  58  90  31 247  59 250 116 237 123 
 68  47  25 196  15 222 233 167 147 142 203  67  98  38 223  49 
104 219 236  13 134 106  71  39  17 111 128 119 243 109  61  43 
175 144 211 190 255   6 165  45  19  36 182 194 186 127  78  18 
192   7   2 171  73 100 200  66 159  89 251 121  83  33 113 231 
181 102 129 160 179 254 146 185 164  60 240 245  44 242 183  97 
 11 198 137   8   5 122 141 201 187  56  22  27 199 125 173  75 
210 108  99  64  41  46  62 230  32  88 149  14 163 224  23  54 
 16 155 215 225  55  52  82 209 228 136  95  85 246  37 205 191 
Rotor  1:
 89  99 188 232 100 176  29 115 197 219  21 220  58  98 107 206 
 80 121 214  94 153 195  53 243 252 129  77  39 124  30  14 166 
 11 216 204 161  52 122 184  33 182  34 177 137 162  95  46   2 
207 242   9 225   7 131 148  38  70  93   1  88  15 130 173  44 
 81 248 239 104 222 244  26 111  10 140  51 210  67 231 123 212 
 32 250  41 119 167  60 251  37  76  82 209  36 234 228  24 253 
103  31 218 223 249  42 235  91   5 120 233 238  19 180   8  78 
226  59 135 185 213 203 229  72  87   4 101 246   6 193  55 168 
 71 157  25  74  12 106 215  57  22 202 254  49 236  86  62 183 
118 170  79 114 163 109 144   3  61  92  35 112 221 178 194  47 
164 158 156 133 116 172 240 125 141 241 230  97  18  40  20 105 
142  83 227 102  23 165 108 198  45 196 136  66  73 155 175 245 
126 128 189 171 199 255 152 160 224 174 145 211  75 181   0 217 
169  13 117 132 154  17 187 113 139  68 237 200 110 151 143  48 
149 134 159  96  64  43 192 201  27  69 205  65 191  63 190  85 
247 179  16 150  50  28  90 146  56  84 147 208  54 127 186 138 
