Rotor  0:
 59  27 178  80   8 212 165 177 211   0  48 208 104 147 235 132 
240 152 175 168  21  83 218 238 102 130  82 219  72  57  37 121 
232 189  45  54 169 253 141 151  13 228  96 159 204 167 229 129 
  5 143 108 111 245  31 239 244 217  40 119 123 201 158 230 116 
227 103 183 139 128  29 110 150  23 180  81 223  79  64 174  49 
 28  65 246 188  99 251  17  15 233 185 120 100  84  10   4 250 
 36 207 140 226 181  73 193 118 144   9 149   3 225 157  67 153 
 98 190  70  35 125  41  76 155  97 187 213 127  61 221  69 173 
154 194 101  44  24  87 148  11 249 210 105  19  38 214 137 106 
161  56 198 136  33 234   7  22  30  16  47 241  42  89  86 184 
195  32  63 236 200 166  92 135  85  52  62 179  74 222  14 160 
 43  25  12 196   6 192 170 206  20 199 172 216  66  91 163 255 
176  68 171  88 131   1 209 220 182 215  50 138  34 254 117  90 
107 247 224 162  26  53  95 242  93 115  55 145  71  75 133 142 
237 243  18  39 248  60 231 191  78 134 113  46 146 126  77   2 
202  51 205 156  94 203 252 122 114  58 124 186 112 109 197 164 
